 1.00000000e+08  4.72208451e-01 -1.64358591e-01 
 1.02255639e+08  4.70939594e-01 -1.67957412e-01 
 1.04511278e+08  4.69642307e-01 -1.71548923e-01 
 1.06766917e+08  4.68316576e-01 -1.75132954e-01 
 1.09022556e+08  4.66962387e-01 -1.78709336e-01 
 1.11278195e+08  4.65579725e-01 -1.82277898e-01 
 1.13533835e+08  4.64168574e-01 -1.85838469e-01 
 1.15789474e+08  4.62728916e-01 -1.89390876e-01 
 1.18045113e+08  4.61260735e-01 -1.92934945e-01 
 1.20300752e+08  4.59764011e-01 -1.96470501e-01 
 1.22556391e+08  4.58238725e-01 -1.99997369e-01 
 1.24812030e+08  4.56684856e-01 -2.03515371e-01 
 1.27067669e+08  4.55102384e-01 -2.07024329e-01 
 1.29323308e+08  4.53491286e-01 -2.10524062e-01 
 1.31578947e+08  4.51851539e-01 -2.14014390e-01 
 1.33834586e+08  4.50183119e-01 -2.17495128e-01 
 1.36090226e+08  4.48486001e-01 -2.20966094e-01 
 1.38345865e+08  4.46760159e-01 -2.24427100e-01 
 1.40601504e+08  4.45005566e-01 -2.27877958e-01 
 1.42857143e+08  4.43222193e-01 -2.31318478e-01 
 1.45112782e+08  4.41410013e-01 -2.34748469e-01 
 1.47368421e+08  4.39568995e-01 -2.38167737e-01 
 1.49624060e+08  4.37699109e-01 -2.41576085e-01 
 1.51879699e+08  4.35800323e-01 -2.44973315e-01 
 1.54135338e+08  4.33872604e-01 -2.48359228e-01 
 1.56390977e+08  4.31915919e-01 -2.51733620e-01 
 1.58646617e+08  4.29930234e-01 -2.55096285e-01 
 1.60902256e+08  4.27915512e-01 -2.58447016e-01 
 1.63157895e+08  4.25871719e-01 -2.61785602e-01 
 1.65413534e+08  4.23798817e-01 -2.65111829e-01 
 1.67669173e+08  4.21696768e-01 -2.68425481e-01 
 1.69924812e+08  4.19565534e-01 -2.71726339e-01 
 1.72180451e+08  4.17405075e-01 -2.75014180e-01 
 1.74436090e+08  4.15215352e-01 -2.78288779e-01 
 1.76691729e+08  4.12996324e-01 -2.81549906e-01 
 1.78947368e+08  4.10747950e-01 -2.84797329e-01 
 1.81203008e+08  4.08470188e-01 -2.88030811e-01 
 1.83458647e+08  4.06162996e-01 -2.91250114e-01 
 1.85714286e+08  4.03826331e-01 -2.94454993e-01 
 1.87969925e+08  4.01460150e-01 -2.97645200e-01 
 1.90225564e+08  3.99064410e-01 -3.00820485e-01 
 1.92481203e+08  3.96639068e-01 -3.03980592e-01 
 1.94736842e+08  3.94184079e-01 -3.07125261e-01 
 1.96992481e+08  3.91699400e-01 -3.10254226e-01 
 1.99248120e+08  3.89184987e-01 -3.13367220e-01 
 2.01503759e+08  3.86640796e-01 -3.16463969e-01 
 2.03759398e+08  3.84066785e-01 -3.19544194e-01 
 2.06015038e+08  3.81462909e-01 -3.22607613e-01 
 2.08270677e+08  3.78829127e-01 -3.25653937e-01 
 2.10526316e+08  3.76165396e-01 -3.28682872e-01 
 2.12781955e+08  3.73471675e-01 -3.31694119e-01 
 2.15037594e+08  3.70747923e-01 -3.34687376e-01 
 2.17293233e+08  3.67994100e-01 -3.37662331e-01 
 2.19548872e+08  3.65210168e-01 -3.40618671e-01 
 2.21804511e+08  3.62396089e-01 -3.43556073e-01 
 2.24060150e+08  3.59551828e-01 -3.46474211e-01 
 2.26315789e+08  3.56677349e-01 -3.49372751e-01 
 2.28571429e+08  3.53772621e-01 -3.52251355e-01 
 2.30827068e+08  3.50837612e-01 -3.55109678e-01 
 2.33082707e+08  3.47872293e-01 -3.57947367e-01 
 2.35338346e+08  3.44876637e-01 -3.60764065e-01 
 2.37593985e+08  3.41850622e-01 -3.63559406e-01 
 2.39849624e+08  3.38794224e-01 -3.66333020e-01 
 2.42105263e+08  3.35707426e-01 -3.69084527e-01 
 2.44360902e+08  3.32590213e-01 -3.71813544e-01 
 2.46616541e+08  3.29442571e-01 -3.74519676e-01 
 2.48872180e+08  3.26264492e-01 -3.77202527e-01 
 2.51127820e+08  3.23055973e-01 -3.79861688e-01 
 2.53383459e+08  3.19817011e-01 -3.82496746e-01 
 2.55639098e+08  3.16547610e-01 -3.85107281e-01 
 2.57894737e+08  3.13247779e-01 -3.87692864e-01 
 2.60150376e+08  3.09917530e-01 -3.90253058e-01 
 2.62406015e+08  3.06556882e-01 -3.92787422e-01 
 2.64661654e+08  3.03165859e-01 -3.95295503e-01 
 2.66917293e+08  2.99744489e-01 -3.97776843e-01 
 2.69172932e+08  2.96292808e-01 -4.00230976e-01 
 2.71428571e+08  2.92810858e-01 -4.02657428e-01 
 2.73684211e+08  2.89298688e-01 -4.05055717e-01 
 2.75939850e+08  2.85756352e-01 -4.07425353e-01 
 2.78195489e+08  2.82183914e-01 -4.09765841e-01 
 2.80451128e+08  2.78581444e-01 -4.12076674e-01 
 2.82706767e+08  2.74949021e-01 -4.14357341e-01 
 2.84962406e+08  2.71286732e-01 -4.16607321e-01 
 2.87218045e+08  2.67594672e-01 -4.18826086e-01 
 2.89473684e+08  2.63872948e-01 -4.21013100e-01 
 2.91729323e+08  2.60121673e-01 -4.23167822e-01 
 2.93984962e+08  2.56340972e-01 -4.25289701e-01 
 2.96240602e+08  2.52530981e-01 -4.27378178e-01 
 2.98496241e+08  2.48691844e-01 -4.29432690e-01 
 3.00751880e+08  2.44823719e-01 -4.31452663e-01 
 3.03007519e+08  2.40926773e-01 -4.33437520e-01 
 3.05263158e+08  2.37001189e-01 -4.35386674e-01 
 3.07518797e+08  2.33047157e-01 -4.37299533e-01 
 3.09774436e+08  2.29064885e-01 -4.39175497e-01 
 3.12030075e+08  2.25054591e-01 -4.41013963e-01 
 3.14285714e+08  2.21016508e-01 -4.42814318e-01 
 3.16541353e+08  2.16950882e-01 -4.44575946e-01 
 3.18796992e+08  2.12857975e-01 -4.46298225e-01 
 3.21052632e+08  2.08738064e-01 -4.47980526e-01 
 3.23308271e+08  2.04591440e-01 -4.49622217e-01 
 3.25563910e+08  2.00418410e-01 -4.51222660e-01 
 3.27819549e+08  1.96219300e-01 -4.52781215e-01 
 3.30075188e+08  1.91994449e-01 -4.54297235e-01 
 3.32330827e+08  1.87744216e-01 -4.55770072e-01 
 3.34586466e+08  1.83468975e-01 -4.57199073e-01 
 3.36842105e+08  1.79169121e-01 -4.58583585e-01 
 3.39097744e+08  1.74845066e-01 -4.59922949e-01 
 3.41353383e+08  1.70497240e-01 -4.61216507e-01 
 3.43609023e+08  1.66126092e-01 -4.62463599e-01 
 3.45864662e+08  1.61732094e-01 -4.63663564e-01 
 3.48120301e+08  1.57315733e-01 -4.64815742e-01 
 3.50375940e+08  1.52877520e-01 -4.65919471e-01 
 3.52631579e+08  1.48417985e-01 -4.66974092e-01 
 3.54887218e+08  1.43937680e-01 -4.67978948e-01 
 3.57142857e+08  1.39437178e-01 -4.68933382e-01 
 3.59398496e+08  1.34917072e-01 -4.69836741e-01 
 3.61654135e+08  1.30377980e-01 -4.70688377e-01 
 3.63909774e+08  1.25820540e-01 -4.71487645e-01 
 3.66165414e+08  1.21245413e-01 -4.72233905e-01 
 3.68421053e+08  1.16653283e-01 -4.72926522e-01 
 3.70676692e+08  1.12044855e-01 -4.73564871e-01 
 3.72932331e+08  1.07420860e-01 -4.74148329e-01 
 3.75187970e+08  1.02782050e-01 -4.74676286e-01 
 3.77443609e+08  9.81292012e-02 -4.75148140e-01 
 3.79699248e+08  9.34631123e-02 -4.75563297e-01 
 3.81954887e+08  8.87846063e-02 -4.75921175e-01 
 3.84210526e+08  8.40945292e-02 -4.76221205e-01 
 3.86466165e+08  7.93937505e-02 -4.76462828e-01 
 3.88721805e+08  7.46831631e-02 -4.76645501e-01 
 3.90977444e+08  6.99636831e-02 -4.76768695e-01 
 3.93233083e+08  6.52362499e-02 -4.76831894e-01 
 3.95488722e+08  6.05018257e-02 -4.76834602e-01 
 3.97744361e+08  5.57613956e-02 -4.76776339e-01 
 4.00000000e+08  5.10159673e-02 -4.76656642e-01 
 4.02255639e+08  4.62665708e-02 -4.76475069e-01 
 4.04511278e+08  4.15142579e-02 -4.76231198e-01 
 4.06766917e+08  3.67601021e-02 -4.75924628e-01 
 4.09022556e+08  3.20051980e-02 -4.75554981e-01 
 4.11278195e+08  2.72506608e-02 -4.75121902e-01 
 4.13533835e+08  2.24976259e-02 -4.74625060e-01 
 4.15789474e+08  1.77472484e-02 -4.74064150e-01 
 4.18045113e+08  1.30007022e-02 -4.73438892e-01 
 4.20300752e+08  8.25917990e-03 -4.72749035e-01 
 4.22556391e+08  3.52389132e-03 -4.71994355e-01 
 4.24812030e+08 -1.20393661e-03 -4.71174658e-01 
 4.27067669e+08 -5.92306095e-03 -4.70289779e-01 
 4.29323308e+08 -1.06322235e-02 -4.69339584e-01 
 4.31578947e+08 -1.53301518e-02 -4.68323972e-01 
 4.33834586e+08 -2.00155598e-02 -4.67242873e-01 
 4.36090226e+08 -2.46871494e-02 -4.66096252e-01 
 4.38345865e+08 -2.93436109e-02 -4.64884106e-01 
 4.40601504e+08 -3.39836243e-02 -4.63606470e-01 
 4.42857143e+08 -3.86058605e-02 -4.62263413e-01 
 4.45112782e+08 -4.32089826e-02 -4.60855038e-01 
 4.47368421e+08 -4.77916466e-02 -4.59381490e-01 
 4.49624060e+08 -5.23525033e-02 -4.57842947e-01 
 4.51879699e+08 -5.68901990e-02 -4.56239627e-01 
 4.54135338e+08 -6.14033772e-02 -4.54571786e-01 
 4.56390977e+08 -6.58906797e-02 -4.52839719e-01 
 4.58646617e+08 -7.03507484e-02 -4.51043761e-01 
 4.60902256e+08 -7.47822261e-02 -4.49184286e-01 
 4.63157895e+08 -7.91837584e-02 -4.47261707e-01 
 4.65413534e+08 -8.35539950e-02 -4.45276478e-01 
 4.67669173e+08 -8.78915912e-02 -4.43229092e-01 
 4.69924812e+08 -9.21952093e-02 -4.41120085e-01 
 4.72180451e+08 -9.64635204e-02 -4.38950030e-01 
 4.74436090e+08 -1.00695205e-01 -4.36719542e-01 
 4.76691729e+08 -1.04888957e-01 -4.34429275e-01 
 4.78947368e+08 -1.09043482e-01 -4.32079923e-01 
 4.81203008e+08 -1.13157499e-01 -4.29672221e-01 
 4.83458647e+08 -1.17229747e-01 -4.27206940e-01 
 4.85714286e+08 -1.21258979e-01 -4.24684893e-01 
 4.87969925e+08 -1.25243969e-01 -4.22106930e-01 
 4.90225564e+08 -1.29183512e-01 -4.19473937e-01 
 4.92481203e+08 -1.33076425e-01 -4.16786840e-01 
 4.94736842e+08 -1.36921548e-01 -4.14046600e-01 
 4.96992481e+08 -1.40717746e-01 -4.11254214e-01 
 4.99248120e+08 -1.44463911e-01 -4.08410713e-01 
 5.01503759e+08 -1.48158964e-01 -4.05517162e-01 
 5.03759398e+08 -1.51801852e-01 -4.02574660e-01 
 5.06015038e+08 -1.55391556e-01 -3.99584337e-01 
 5.08270677e+08 -1.58927087e-01 -3.96547354e-01 
 5.10526316e+08 -1.62407488e-01 -3.93464903e-01 
 5.12781955e+08 -1.65831838e-01 -3.90338203e-01 
 5.15037594e+08 -1.69199250e-01 -3.87168500e-01 
 5.17293233e+08 -1.72508872e-01 -3.83957068e-01 
 5.19548872e+08 -1.75759893e-01 -3.80705203e-01 
 5.21804511e+08 -1.78951535e-01 -3.77414226e-01 
 5.24060150e+08 -1.82083063e-01 -3.74085481e-01 
 5.26315789e+08 -1.85153780e-01 -3.70720329e-01 
 5.28571429e+08 -1.88163029e-01 -3.67320154e-01 
 5.30827068e+08 -1.91110196e-01 -3.63886353e-01 
 5.33082707e+08 -1.93994706e-01 -3.60420342e-01 
 5.35338346e+08 -1.96816028e-01 -3.56923551e-01 
 5.37593985e+08 -1.99573674e-01 -3.53397421e-01 
 5.39849624e+08 -2.02267197e-01 -3.49843405e-01 
 5.42105263e+08 -2.04896195e-01 -3.46262966e-01 
 5.44360902e+08 -2.07460310e-01 -3.42657574e-01 
 5.46616541e+08 -2.09959226e-01 -3.39028705e-01 
 5.48872180e+08 -2.12392671e-01 -3.35377839e-01 
 5.51127820e+08 -2.14760419e-01 -3.31706462e-01 
 5.53383459e+08 -2.17062284e-01 -3.28016057e-01 
 5.55639098e+08 -2.19298126e-01 -3.24308110e-01 
 5.57894737e+08 -2.21467849e-01 -3.20584102e-01 
 5.60150376e+08 -2.23571399e-01 -3.16845514e-01 
 5.62406015e+08 -2.25608763e-01 -3.13093819e-01 
 5.64661654e+08 -2.27579972e-01 -3.09330486e-01 
 5.66917293e+08 -2.29485101e-01 -3.05556973e-01 
 5.69172932e+08 -2.31324261e-01 -3.01774730e-01 
 5.71428571e+08 -2.33097609e-01 -2.97985197e-01 
 5.73684211e+08 -2.34805339e-01 -2.94189799e-01 
 5.75939850e+08 -2.36447685e-01 -2.90389950e-01 
 5.78195489e+08 -2.38024920e-01 -2.86587048e-01 
 5.80451128e+08 -2.39537353e-01 -2.82782473e-01 
 5.82706767e+08 -2.40985331e-01 -2.78977590e-01 
 5.84962406e+08 -2.42369239e-01 -2.75173744e-01 
 5.87218045e+08 -2.43689493e-01 -2.71372260e-01 
 5.89473684e+08 -2.44946546e-01 -2.67574442e-01 
 5.91729323e+08 -2.46140883e-01 -2.63781573e-01 
 5.93984962e+08 -2.47273021e-01 -2.59994913e-01 
 5.96240602e+08 -2.48343507e-01 -2.56215696e-01 
 5.98496241e+08 -2.49352918e-01 -2.52445135e-01 
 6.00751880e+08 -2.50301862e-01 -2.48684415e-01 
 6.03007519e+08 -2.51190970e-01 -2.44934695e-01 
 6.05263158e+08 -2.52020904e-01 -2.41197107e-01 
 6.07518797e+08 -2.52792347e-01 -2.37472758e-01 
 6.09774436e+08 -2.53506008e-01 -2.33762722e-01 
 6.12030075e+08 -2.54162619e-01 -2.30068050e-01 
 6.14285714e+08 -2.54762932e-01 -2.26389760e-01 
 6.16541353e+08 -2.55307719e-01 -2.22728842e-01 
 6.18796992e+08 -2.55797774e-01 -2.19086255e-01 
 6.21052632e+08 -2.56233905e-01 -2.15462931e-01 
 6.23308271e+08 -2.56616939e-01 -2.11859767e-01 
 6.25563910e+08 -2.56947717e-01 -2.08277634e-01 
 6.27819549e+08 -2.57227096e-01 -2.04717370e-01 
 6.30075188e+08 -2.57455944e-01 -2.01179782e-01 
 6.32330827e+08 -2.57635141e-01 -1.97665646e-01 
 6.34586466e+08 -2.57765580e-01 -1.94175710e-01 
 6.36842105e+08 -2.57848162e-01 -1.90710687e-01 
 6.39097744e+08 -2.57883794e-01 -1.87271264e-01 
 6.41353383e+08 -2.57873395e-01 -1.83858093e-01 
 6.43609023e+08 -2.57817888e-01 -1.80471798e-01 
 6.45864662e+08 -2.57718200e-01 -1.77112973e-01 
 6.48120301e+08 -2.57575265e-01 -1.73782182e-01 
 6.50375940e+08 -2.57390018e-01 -1.70479959e-01 
 6.52631579e+08 -2.57163397e-01 -1.67206808e-01 
 6.54887218e+08 -2.56896342e-01 -1.63963205e-01 
 6.57142857e+08 -2.56589792e-01 -1.60749597e-01 
 6.59398496e+08 -2.56244686e-01 -1.57566404e-01 
 6.61654135e+08 -2.55861964e-01 -1.54414016e-01 
 6.63909774e+08 -2.55442560e-01 -1.51292798e-01 
 6.66165414e+08 -2.54987407e-01 -1.48203087e-01 
 6.68421053e+08 -2.54497435e-01 -1.45145194e-01 
 6.70676692e+08 -2.53973569e-01 -1.42119404e-01 
 6.72932331e+08 -2.53416729e-01 -1.39125976e-01 
 6.75187970e+08 -2.52827828e-01 -1.36165146e-01 
 6.77443609e+08 -2.52207774e-01 -1.33237124e-01 
 6.79699248e+08 -2.51557469e-01 -1.30342097e-01 
 6.81954887e+08 -2.50877804e-01 -1.27480230e-01 
 6.84210526e+08 -2.50169665e-01 -1.24651665e-01 
 6.86466165e+08 -2.49433928e-01 -1.21856520e-01 
 6.88721805e+08 -2.48671461e-01 -1.19094895e-01 
 6.90977444e+08 -2.47883122e-01 -1.16366867e-01 
 6.93233083e+08 -2.47069757e-01 -1.13672495e-01 
 6.95488722e+08 -2.46232206e-01 -1.11011815e-01 
 6.97744361e+08 -2.45371293e-01 -1.08384849e-01 
 7.00000000e+08 -2.44487836e-01 -1.05791597e-01 
 7.02255639e+08 -2.43582638e-01 -1.03232042e-01 
 7.04511278e+08 -2.42656492e-01 -1.00706152e-01 
 7.06766917e+08 -2.41710179e-01 -9.82138756e-02 
 7.09022556e+08 -2.40744468e-01 -9.57551483e-02 
 7.11278195e+08 -2.39760115e-01 -9.33298887e-02 
 7.13533835e+08 -2.38757863e-01 -9.09380014e-02 
 7.15789474e+08 -2.37738445e-01 -8.85793767e-02 
 7.18045113e+08 -2.36702578e-01 -8.62538915e-02 
 7.20300752e+08 -2.35650967e-01 -8.39614099e-02 
 7.22556391e+08 -2.34584306e-01 -8.17017834e-02 
 7.24812030e+08 -2.33503273e-01 -7.94748519e-02 
 7.27067669e+08 -2.32408533e-01 -7.72804439e-02 
 7.29323308e+08 -2.31300741e-01 -7.51183773e-02 
 7.31578947e+08 -2.30180536e-01 -7.29884597e-02 
 7.33834586e+08 -2.29048543e-01 -7.08904890e-02 
 7.36090226e+08 -2.27905375e-01 -6.88242539e-02 
 7.38345865e+08 -2.26751633e-01 -6.67895345e-02 
 7.40601504e+08 -2.25587902e-01 -6.47861024e-02 
 7.42857143e+08 -2.24414757e-01 -6.28137218e-02 
 7.45112782e+08 -2.23232756e-01 -6.08721493e-02 
 7.47368421e+08 -2.22042447e-01 -5.89611347e-02 
 7.49624060e+08 -2.20844365e-01 -5.70804214e-02 
 7.51879699e+08 -2.19639029e-01 -5.52297470e-02 
 7.54135338e+08 -2.18426950e-01 -5.34088431e-02 
 7.56390977e+08 -2.17208622e-01 -5.16174363e-02 
 7.58646617e+08 -2.15984528e-01 -4.98552485e-02 
 7.60902256e+08 -2.14755139e-01 -4.81219970e-02 
 7.63157895e+08 -2.13520915e-01 -4.64173950e-02 
 7.65413534e+08 -2.12282299e-01 -4.47411521e-02 
 7.67669173e+08 -2.11039728e-01 -4.30929744e-02 
 7.69924812e+08 -2.09793623e-01 -4.14725650e-02 
 7.72180451e+08 -2.08544395e-01 -3.98796242e-02 
 7.74436090e+08 -2.07292443e-01 -3.83138499e-02 
 7.76691729e+08 -2.06038155e-01 -3.67749379e-02 
 7.78947368e+08 -2.04781907e-01 -3.52625821e-02 
 7.81203008e+08 -2.03524064e-01 -3.37764747e-02 
 7.83458647e+08 -2.02264981e-01 -3.23163068e-02 
 7.85714286e+08 -2.01005002e-01 -3.08817682e-02 
 7.87969925e+08 -1.99744460e-01 -2.94725479e-02 
 7.90225564e+08 -1.98483678e-01 -2.80883345e-02 
 7.92481203e+08 -1.97222969e-01 -2.67288161e-02 
 7.94736842e+08 -1.95962636e-01 -2.53936805e-02 
 7.96992481e+08 -1.94702971e-01 -2.40826156e-02 
 7.99248120e+08 -1.93444260e-01 -2.27953098e-02 
 8.01503759e+08 -1.92186775e-01 -2.15314516e-02 
 8.03759398e+08 -1.90930782e-01 -2.02907301e-02 
 8.06015038e+08 -1.89676536e-01 -1.90728354e-02 
 8.08270677e+08 -1.88424285e-01 -1.78774583e-02 
 8.10526316e+08 -1.87174266e-01 -1.67042907e-02 
 8.12781955e+08 -1.85926711e-01 -1.55530259e-02 
 8.15037594e+08 -1.84681841e-01 -1.44233584e-02 
 8.17293233e+08 -1.83439869e-01 -1.33149841e-02 
 8.19548872e+08 -1.82201000e-01 -1.22276007e-02 
 8.21804511e+08 -1.80965434e-01 -1.11609076e-02 
 8.24060150e+08 -1.79733360e-01 -1.01146059e-02 
 8.26315789e+08 -1.78504962e-01 -9.08839865e-03 
 8.28571429e+08 -1.77280415e-01 -8.08199110e-03 
 8.30827068e+08 -1.76059888e-01 -7.09509047e-03 
 8.33082707e+08 -1.74843543e-01 -6.12740623e-03 
 8.35338346e+08 -1.73631536e-01 -5.17865014e-03 
 8.37593985e+08 -1.72424015e-01 -4.24853630e-03 
 8.39849624e+08 -1.71221122e-01 -3.33678126e-03 
 8.42105263e+08 -1.70022995e-01 -2.44310406e-03 
 8.44360902e+08 -1.68829762e-01 -1.56722627e-03 
 8.46616541e+08 -1.67641550e-01 -7.08872073e-04 
 8.48872180e+08 -1.66458476e-01  1.32231683e-04 
 8.51127820e+08 -1.65280653e-01  9.56355466e-04 
 8.53383459e+08 -1.64108189e-01  1.76376700e-03 
 8.55639098e+08 -1.62941187e-01  2.55473123e-03 
 8.57894737e+08 -1.61779744e-01  3.32951029e-03 
 8.60150376e+08 -1.60623953e-01  4.08836348e-03 
 8.62406015e+08 -1.59473901e-01  4.83154723e-03 
 8.64661654e+08 -1.58329671e-01  5.55931508e-03 
 8.66917293e+08 -1.57191341e-01  6.27191767e-03 
 8.69172932e+08 -1.56058986e-01  6.96960268e-03 
 8.71428571e+08 -1.54932674e-01  7.65261490e-03 
 8.73684211e+08 -1.53812473e-01  8.32119613e-03 
 8.75939850e+08 -1.52698442e-01  8.97558523e-03 
 8.78195489e+08 -1.51590640e-01  9.61601808e-03 
 8.80451128e+08 -1.50489120e-01  1.02427276e-02 
 8.82706767e+08 -1.49393933e-01  1.08559437e-02 
 8.84962406e+08 -1.48305124e-01  1.14558935e-02 
 8.87218045e+08 -1.47222738e-01  1.20428008e-02 
 8.89473684e+08 -1.46146813e-01  1.26168868e-02 
 8.91729323e+08 -1.45077387e-01  1.31783694e-02 
 8.93984962e+08 -1.44014492e-01  1.37274640e-02 
 8.96240602e+08 -1.42958160e-01  1.42643826e-02 
 8.98496241e+08 -1.41908416e-01  1.47893345e-02 
 9.00751880e+08 -1.40865287e-01  1.53025262e-02 
 9.03007519e+08 -1.39828794e-01  1.58041610e-02 
 9.05263158e+08 -1.38798955e-01  1.62944394e-02 
 9.07518797e+08 -1.37775788e-01  1.67735594e-02 
 9.09774436e+08 -1.36759307e-01  1.72417155e-02 
 9.12030075e+08 -1.35749524e-01  1.76991000e-02 
 9.14285714e+08 -1.34746447e-01  1.81459019e-02 
 9.16541353e+08 -1.33750085e-01  1.85823078e-02 
 9.18796992e+08 -1.32760442e-01  1.90085012e-02 
 9.21052632e+08 -1.31777522e-01  1.94246631e-02 
 9.23308271e+08 -1.30801325e-01  1.98309716e-02 
 9.25563910e+08 -1.29831850e-01  2.02276023e-02 
 9.27819549e+08 -1.28869096e-01  2.06147278e-02 
 9.30075188e+08 -1.27913057e-01  2.09925184e-02 
 9.32330827e+08 -1.26963727e-01  2.13611416e-02 
 9.34586466e+08 -1.26021099e-01  2.17207622e-02 
 9.36842105e+08 -1.25085163e-01  2.20715428e-02 
 9.39097744e+08 -1.24155907e-01  2.24136430e-02 
 9.41353383e+08 -1.23233321e-01  2.27472202e-02 
 9.43609023e+08 -1.22317389e-01  2.30724292e-02 
 9.45864662e+08 -1.21408096e-01  2.33894223e-02 
 9.48120301e+08 -1.20505427e-01  2.36983493e-02 
 9.50375940e+08 -1.19609364e-01  2.39993579e-02 
 9.52631579e+08 -1.18719887e-01  2.42925931e-02 
 9.54887218e+08 -1.17836977e-01  2.45781977e-02 
 9.57142857e+08 -1.16960612e-01  2.48563121e-02 
 9.59398496e+08 -1.16090771e-01  2.51270745e-02 
 9.61654135e+08 -1.15227430e-01  2.53906208e-02 
 9.63909774e+08 -1.14370565e-01  2.56470847e-02 
 9.66165414e+08 -1.13520151e-01  2.58965976e-02 
 9.68421053e+08 -1.12676163e-01  2.61392887e-02 
 9.70676692e+08 -1.11838574e-01  2.63752853e-02 
 9.72932331e+08 -1.11007356e-01  2.66047123e-02 
 9.75187970e+08 -1.10182480e-01  2.68276926e-02 
 9.77443609e+08 -1.09363919e-01  2.70443471e-02 
 9.79699248e+08 -1.08551643e-01  2.72547947e-02 
 9.81954887e+08 -1.07745621e-01  2.74591522e-02 
 9.84210526e+08 -1.06945822e-01  2.76575343e-02 
 9.86466165e+08 -1.06152215e-01  2.78500541e-02 
 9.88721805e+08 -1.05364769e-01  2.80368224e-02 
 9.90977444e+08 -1.04583450e-01  2.82179485e-02 
 9.93233083e+08 -1.03808226e-01  2.83935394e-02 
 9.95488722e+08 -1.03039063e-01  2.85637007e-02 
 9.97744361e+08 -1.02275927e-01  2.87285358e-02 
 1.00000000e+09 -1.01518785e-01  2.88881466e-02 
