 3.00000000e+08  1.72187365e+01 -9.96597722e+00 
 3.01003344e+08  1.71434291e+01 -9.89505248e+00 
 3.02006689e+08  1.70685293e+01 -9.82399899e+00 
 3.03010033e+08  1.69940352e+01 -9.75281952e+00 
 3.04013378e+08  1.69199447e+01 -9.68151679e+00 
 3.05016722e+08  1.68462556e+01 -9.61009348e+00 
 3.06020067e+08  1.67729660e+01 -9.53855226e+00 
 3.07023411e+08  1.67000737e+01 -9.46689574e+00 
 3.08026756e+08  1.66275767e+01 -9.39512649e+00 
 3.09030100e+08  1.65554730e+01 -9.32324708e+00 
 3.10033445e+08  1.64837605e+01 -9.25126000e+00 
 3.11036789e+08  1.64124371e+01 -9.17916774e+00 
 3.12040134e+08  1.63415008e+01 -9.10697274e+00 
 3.13043478e+08  1.62709495e+01 -9.03467741e+00 
 3.14046823e+08  1.62007812e+01 -8.96228413e+00 
 3.15050167e+08  1.61309938e+01 -8.88979523e+00 
 3.16053512e+08  1.60615854e+01 -8.81721305e+00 
 3.17056856e+08  1.59925539e+01 -8.74453984e+00 
 3.18060201e+08  1.59238972e+01 -8.67177787e+00 
 3.19063545e+08  1.58556133e+01 -8.59892935e+00 
 3.20066890e+08  1.57877002e+01 -8.52599647e+00 
 3.21070234e+08  1.57201559e+01 -8.45298138e+00 
 3.22073579e+08  1.56529784e+01 -8.37988621e+00 
 3.23076923e+08  1.55861657e+01 -8.30671306e+00 
 3.24080268e+08  1.55197157e+01 -8.23346399e+00 
 3.25083612e+08  1.54536265e+01 -8.16014104e+00 
 3.26086957e+08  1.53878961e+01 -8.08674621e+00 
 3.27090301e+08  1.53225225e+01 -8.01328150e+00 
 3.28093645e+08  1.52575037e+01 -7.93974886e+00 
 3.29096990e+08  1.51928377e+01 -7.86615020e+00 
 3.30100334e+08  1.51285226e+01 -7.79248743e+00 
 3.31103679e+08  1.50645565e+01 -7.71876241e+00 
 3.32107023e+08  1.50009373e+01 -7.64497700e+00 
 3.33110368e+08  1.49376631e+01 -7.57113301e+00 
 3.34113712e+08  1.48747320e+01 -7.49723222e+00 
 3.35117057e+08  1.48121420e+01 -7.42327642e+00 
 3.36120401e+08  1.47498912e+01 -7.34926733e+00 
 3.37123746e+08  1.46879777e+01 -7.27520667e+00 
 3.38127090e+08  1.46263995e+01 -7.20109614e+00 
 3.39130435e+08  1.45651549e+01 -7.12693739e+00 
 3.40133779e+08  1.45042418e+01 -7.05273208e+00 
 3.41137124e+08  1.44436583e+01 -6.97848182e+00 
 3.42140468e+08  1.43834026e+01 -6.90418820e+00 
 3.43143813e+08  1.43234728e+01 -6.82985280e+00 
 3.44147157e+08  1.42638671e+01 -6.75547716e+00 
 3.45150502e+08  1.42045835e+01 -6.68106281e+00 
 3.46153846e+08  1.41456202e+01 -6.60661125e+00 
 3.47157191e+08  1.40869753e+01 -6.53212397e+00 
 3.48160535e+08  1.40286471e+01 -6.45760242e+00 
 3.49163880e+08  1.39706337e+01 -6.38304804e+00 
 3.50167224e+08  1.39129332e+01 -6.30846225e+00 
 3.51170569e+08  1.38555438e+01 -6.23384644e+00 
 3.52173913e+08  1.37984637e+01 -6.15920198e+00 
 3.53177258e+08  1.37416912e+01 -6.08453024e+00 
 3.54180602e+08  1.36852244e+01 -6.00983254e+00 
 3.55183946e+08  1.36290615e+01 -5.93511020e+00 
 3.56187291e+08  1.35732008e+01 -5.86036451e+00 
 3.57190635e+08  1.35176405e+01 -5.78559674e+00 
 3.58193980e+08  1.34623788e+01 -5.71080816e+00 
 3.59197324e+08  1.34074139e+01 -5.63599999e+00 
 3.60200669e+08  1.33527442e+01 -5.56117346e+00 
 3.61204013e+08  1.32983679e+01 -5.48632977e+00 
 3.62207358e+08  1.32442833e+01 -5.41147009e+00 
 3.63210702e+08  1.31904885e+01 -5.33659558e+00 
 3.64214047e+08  1.31369820e+01 -5.26170740e+00 
 3.65217391e+08  1.30837621e+01 -5.18680667e+00 
 3.66220736e+08  1.30308269e+01 -5.11189450e+00 
 3.67224080e+08  1.29781749e+01 -5.03697198e+00 
 3.68227425e+08  1.29258043e+01 -4.96204019e+00 
 3.69230769e+08  1.28737136e+01 -4.88710019e+00 
 3.70234114e+08  1.28219009e+01 -4.81215302e+00 
 3.71237458e+08  1.27703647e+01 -4.73719971e+00 
 3.72240803e+08  1.27191034e+01 -4.66224126e+00 
 3.73244147e+08  1.26681152e+01 -4.58727868e+00 
 3.74247492e+08  1.26173986e+01 -4.51231294e+00 
 3.75250836e+08  1.25669520e+01 -4.43734501e+00 
 3.76254181e+08  1.25167736e+01 -4.36237584e+00 
 3.77257525e+08  1.24668620e+01 -4.28740635e+00 
 3.78260870e+08  1.24172156e+01 -4.21243747e+00 
 3.79264214e+08  1.23678326e+01 -4.13747010e+00 
 3.80267559e+08  1.23187117e+01 -4.06250514e+00 
 3.81270903e+08  1.22698511e+01 -3.98754345e+00 
 3.82274247e+08  1.22212494e+01 -3.91258590e+00 
 3.83277592e+08  1.21729050e+01 -3.83763334e+00 
 3.84280936e+08  1.21248163e+01 -3.76268660e+00 
 3.85284281e+08  1.20769818e+01 -3.68774650e+00 
 3.86287625e+08  1.20294001e+01 -3.61281385e+00 
 3.87290970e+08  1.19820694e+01 -3.53788944e+00 
 3.88294314e+08  1.19349885e+01 -3.46297406e+00 
 3.89297659e+08  1.18881557e+01 -3.38806848e+00 
 3.90301003e+08  1.18415695e+01 -3.31317344e+00 
 3.91304348e+08  1.17952285e+01 -3.23828969e+00 
 3.92307692e+08  1.17491313e+01 -3.16341797e+00 
 3.93311037e+08  1.17032762e+01 -3.08855900e+00 
 3.94314381e+08  1.16576620e+01 -3.01371347e+00 
 3.95317726e+08  1.16122871e+01 -2.93888209e+00 
 3.96321070e+08  1.15671500e+01 -2.86406554e+00 
 3.97324415e+08  1.15222494e+01 -2.78926450e+00 
 3.98327759e+08  1.14775838e+01 -2.71447961e+00 
 3.99331104e+08  1.14331519e+01 -2.63971154e+00 
 4.00334448e+08  1.13889521e+01 -2.56496093e+00 
 4.01337793e+08  1.13449831e+01 -2.49022839e+00 
 4.02341137e+08  1.13012435e+01 -2.41551456e+00 
 4.03344482e+08  1.12577320e+01 -2.34082003e+00 
 4.04347826e+08  1.12144470e+01 -2.26614540e+00 
 4.05351171e+08  1.11713874e+01 -2.19149126e+00 
 4.06354515e+08  1.11285516e+01 -2.11685818e+00 
 4.07357860e+08  1.10859384e+01 -2.04224674e+00 
 4.08361204e+08  1.10435465e+01 -1.96765748e+00 
 4.09364548e+08  1.10013744e+01 -1.89309096e+00 
 4.10367893e+08  1.09594208e+01 -1.81854770e+00 
 4.11371237e+08  1.09176845e+01 -1.74402825e+00 
 4.12374582e+08  1.08761641e+01 -1.66953311e+00 
 4.13377926e+08  1.08348583e+01 -1.59506279e+00 
 4.14381271e+08  1.07937659e+01 -1.52061780e+00 
 4.15384615e+08  1.07528854e+01 -1.44619863e+00 
 4.16387960e+08  1.07122158e+01 -1.37180575e+00 
 4.17391304e+08  1.06717555e+01 -1.29743965e+00 
 4.18394649e+08  1.06315035e+01 -1.22310079e+00 
 4.19397993e+08  1.05914585e+01 -1.14878962e+00 
 4.20401338e+08  1.05516191e+01 -1.07450659e+00 
 4.21404682e+08  1.05119842e+01 -1.00025214e+00 
 4.22408027e+08  1.04725525e+01 -9.26026704e-01 
 4.23411371e+08  1.04333228e+01 -8.51830708e-01 
 4.24414716e+08  1.03942939e+01 -7.77664564e-01 
 4.25418060e+08  1.03554646e+01 -7.03528683e-01 
 4.26421405e+08  1.03168336e+01 -6.29423463e-01 
 4.27424749e+08  1.02783998e+01 -5.55349298e-01 
 4.28428094e+08  1.02401619e+01 -4.81306575e-01 
 4.29431438e+08  1.02021189e+01 -4.07295669e-01 
 4.30434783e+08  1.01642695e+01 -3.33316954e-01 
 4.31438127e+08  1.01266125e+01 -2.59370792e-01 
 4.32441472e+08  1.00891468e+01 -1.85457541e-01 
 4.33444816e+08  1.00518712e+01 -1.11577549e-01 
 4.34448161e+08  1.00147847e+01 -3.77311602e-02 
 4.35451505e+08  9.97788593e+00  3.60812893e-02 
 4.36454849e+08  9.94117394e+00  1.09859470e-01 
 4.37458194e+08  9.90464753e+00  1.83603059e-01 
 4.38461538e+08  9.86830561e+00  2.57311740e-01 
 4.39464883e+08  9.83214706e+00  3.30985203e-01 
 4.40468227e+08  9.79617077e+00  4.04623143e-01 
 4.41471572e+08  9.76037566e+00  4.78225264e-01 
 4.42474916e+08  9.72476062e+00  5.51791273e-01 
 4.43478261e+08  9.68932458e+00  6.25320886e-01 
 4.44481605e+08  9.65406647e+00  6.98813822e-01 
 4.45484950e+08  9.61898521e+00  7.72269808e-01 
 4.46488294e+08  9.58407974e+00  8.45688575e-01 
 4.47491639e+08  9.54934901e+00  9.19069863e-01 
 4.48494983e+08  9.51479197e+00  9.92413413e-01 
 4.49498328e+08  9.48040758e+00  1.06571897e+00 
 4.50501672e+08  9.44619479e+00  1.13898630e+00 
 4.51505017e+08  9.41215260e+00  1.21221516e+00 
 4.52508361e+08  9.37827996e+00  1.28540530e+00 
 4.53511706e+08  9.34457588e+00  1.35855651e+00 
 4.54515050e+08  9.31103933e+00  1.43166855e+00 
 4.55518395e+08  9.27766932e+00  1.50474121e+00 
 4.56521739e+08  9.24446484e+00  1.57777427e+00 
 4.57525084e+08  9.21142492e+00  1.65076752e+00 
 4.58528428e+08  9.17854857e+00  1.72372076e+00 
 4.59531773e+08  9.14583481e+00  1.79663379e+00 
 4.60535117e+08  9.11328267e+00  1.86950641e+00 
 4.61538462e+08  9.08089118e+00  1.94233843e+00 
 4.62541806e+08  9.04865940e+00  2.01512967e+00 
 4.63545151e+08  9.01658636e+00  2.08787994e+00 
 4.64548495e+08  8.98467112e+00  2.16058907e+00 
 4.65551839e+08  8.95291274e+00  2.23325688e+00 
 4.66555184e+08  8.92131029e+00  2.30588321e+00 
 4.67558528e+08  8.88986285e+00  2.37846789e+00 
 4.68561873e+08  8.85856948e+00  2.45101076e+00 
 4.69565217e+08  8.82742927e+00  2.52351166e+00 
 4.70568562e+08  8.79644132e+00  2.59597045e+00 
 4.71571906e+08  8.76560472e+00  2.66838697e+00 
 4.72575251e+08  8.73491857e+00  2.74076108e+00 
 4.73578595e+08  8.70438198e+00  2.81309265e+00 
 4.74581940e+08  8.67399406e+00  2.88538153e+00 
 4.75585284e+08  8.64375394e+00  2.95762760e+00 
 4.76588629e+08  8.61366074e+00  3.02983072e+00 
 4.77591973e+08  8.58371359e+00  3.10199076e+00 
 4.78595318e+08  8.55391162e+00  3.17410762e+00 
 4.79598662e+08  8.52425399e+00  3.24618117e+00 
 4.80602007e+08  8.49473983e+00  3.31821129e+00 
 4.81605351e+08  8.46536830e+00  3.39019788e+00 
 4.82608696e+08  8.43613856e+00  3.46214083e+00 
 4.83612040e+08  8.40704977e+00  3.53404003e+00 
 4.84615385e+08  8.37810110e+00  3.60589538e+00 
 4.85618729e+08  8.34929173e+00  3.67770679e+00 
 4.86622074e+08  8.32062084e+00  3.74947416e+00 
 4.87625418e+08  8.29208762e+00  3.82119740e+00 
 4.88628763e+08  8.26369125e+00  3.89287642e+00 
 4.89632107e+08  8.23543093e+00  3.96451113e+00 
 4.90635452e+08  8.20730586e+00  4.03610147e+00 
 4.91638796e+08  8.17931526e+00  4.10764733e+00 
 4.92642140e+08  8.15145833e+00  4.17914866e+00 
 4.93645485e+08  8.12373428e+00  4.25060538e+00 
 4.94648829e+08  8.09614235e+00  4.32201741e+00 
 4.95652174e+08  8.06868176e+00  4.39338469e+00 
 4.96655518e+08  8.04135174e+00  4.46470715e+00 
 4.97658863e+08  8.01415153e+00  4.53598473e+00 
 4.98662207e+08  7.98708036e+00  4.60721738e+00 
 4.99665552e+08  7.96013750e+00  4.67840503e+00 
 5.00668896e+08  7.93332219e+00  4.74954763e+00 
 5.01672241e+08  7.90663369e+00  4.82064514e+00 
 5.02675585e+08  7.88007125e+00  4.89169749e+00 
 5.03678930e+08  7.85363416e+00  4.96270464e+00 
 5.04682274e+08  7.82732167e+00  5.03366656e+00 
 5.05685619e+08  7.80113306e+00  5.10458319e+00 
 5.06688963e+08  7.77506762e+00  5.17545450e+00 
 5.07692308e+08  7.74912463e+00  5.24628045e+00 
 5.08695652e+08  7.72330339e+00  5.31706101e+00 
 5.09698997e+08  7.69760318e+00  5.38779614e+00 
 5.10702341e+08  7.67202330e+00  5.45848581e+00 
 5.11705686e+08  7.64656307e+00  5.52913000e+00 
 5.12709030e+08  7.62122178e+00  5.59972868e+00 
 5.13712375e+08  7.59599876e+00  5.67028182e+00 
 5.14715719e+08  7.57089331e+00  5.74078940e+00 
 5.15719064e+08  7.54590477e+00  5.81125140e+00 
 5.16722408e+08  7.52103246e+00  5.88166781e+00 
 5.17725753e+08  7.49627570e+00  5.95203861e+00 
 5.18729097e+08  7.47163384e+00  6.02236378e+00 
 5.19732441e+08  7.44710622e+00  6.09264332e+00 
 5.20735786e+08  7.42269217e+00  6.16287720e+00 
 5.21739130e+08  7.39839105e+00  6.23306544e+00 
 5.22742475e+08  7.37420221e+00  6.30320801e+00 
 5.23745819e+08  7.35012500e+00  6.37330491e+00 
 5.24749164e+08  7.32615879e+00  6.44335614e+00 
 5.25752508e+08  7.30230294e+00  6.51336170e+00 
 5.26755853e+08  7.27855682e+00  6.58332160e+00 
 5.27759197e+08  7.25491981e+00  6.65323582e+00 
 5.28762542e+08  7.23139127e+00  6.72310438e+00 
 5.29765886e+08  7.20797060e+00  6.79292728e+00 
 5.30769231e+08  7.18465718e+00  6.86270453e+00 
 5.31772575e+08  7.16145039e+00  6.93243614e+00 
 5.32775920e+08  7.13834963e+00  7.00212211e+00 
 5.33779264e+08  7.11535430e+00  7.07176247e+00 
 5.34782609e+08  7.09246380e+00  7.14135721e+00 
 5.35785953e+08  7.06967753e+00  7.21090637e+00 
 5.36789298e+08  7.04699491e+00  7.28040995e+00 
 5.37792642e+08  7.02441534e+00  7.34986797e+00 
 5.38795987e+08  7.00193824e+00  7.41928045e+00 
 5.39799331e+08  6.97956304e+00  7.48864741e+00 
 5.40802676e+08  6.95728915e+00  7.55796887e+00 
 5.41806020e+08  6.93511601e+00  7.62724486e+00 
 5.42809365e+08  6.91304304e+00  7.69647541e+00 
 5.43812709e+08  6.89106969e+00  7.76566052e+00 
 5.44816054e+08  6.86919538e+00  7.83480024e+00 
 5.45819398e+08  6.84741957e+00  7.90389459e+00 
 5.46822742e+08  6.82574169e+00  7.97294361e+00 
 5.47826087e+08  6.80416121e+00  8.04194731e+00 
 5.48829431e+08  6.78267756e+00  8.11090574e+00 
 5.49832776e+08  6.76129022e+00  8.17981893e+00 
 5.50836120e+08  6.73999863e+00  8.24868690e+00 
 5.51839465e+08  6.71880227e+00  8.31750970e+00 
 5.52842809e+08  6.69770059e+00  8.38628737e+00 
 5.53846154e+08  6.67669308e+00  8.45501993e+00 
 5.54849498e+08  6.65577920e+00  8.52370744e+00 
 5.55852843e+08  6.63495843e+00  8.59234992e+00 
 5.56856187e+08  6.61423025e+00  8.66094742e+00 
 5.57859532e+08  6.59359415e+00  8.72949998e+00 
 5.58862876e+08  6.57304962e+00  8.79800765e+00 
 5.59866221e+08  6.55259614e+00  8.86647046e+00 
 5.60869565e+08  6.53223321e+00  8.93488846e+00 
 5.61872910e+08  6.51196032e+00  9.00326170e+00 
 5.62876254e+08  6.49177698e+00  9.07159022e+00 
 5.63879599e+08  6.47168270e+00  9.13987408e+00 
 5.64882943e+08  6.45167697e+00  9.20811331e+00 
 5.65886288e+08  6.43175931e+00  9.27630797e+00 
 5.66889632e+08  6.41192923e+00  9.34445811e+00 
 5.67892977e+08  6.39218624e+00  9.41256378e+00 
 5.68896321e+08  6.37252988e+00  9.48062503e+00 
 5.69899666e+08  6.35295965e+00  9.54864191e+00 
 5.70903010e+08  6.33347509e+00  9.61661448e+00 
 5.71906355e+08  6.31407572e+00  9.68454279e+00 
 5.72909699e+08  6.29476108e+00  9.75242689e+00 
 5.73913043e+08  6.27553069e+00  9.82026685e+00 
 5.74916388e+08  6.25638410e+00  9.88806271e+00 
 5.75919732e+08  6.23732085e+00  9.95581453e+00 
 5.76923077e+08  6.21834049e+00  1.00235224e+01 
 5.77926421e+08  6.19944254e+00  1.00911863e+01 
 5.78929766e+08  6.18062658e+00  1.01588064e+01 
 5.79933110e+08  6.16189215e+00  1.02263826e+01 
 5.80936455e+08  6.14323879e+00  1.02939152e+01 
 5.81939799e+08  6.12466608e+00  1.03614040e+01 
 5.82943144e+08  6.10617358e+00  1.04288492e+01 
 5.83946488e+08  6.08776083e+00  1.04962509e+01 
 5.84949833e+08  6.06942742e+00  1.05636091e+01 
 5.85953177e+08  6.05117291e+00  1.06309238e+01 
 5.86956522e+08  6.03299688e+00  1.06981952e+01 
 5.87959866e+08  6.01489889e+00  1.07654233e+01 
 5.88963211e+08  5.99687852e+00  1.08326081e+01 
 5.89966555e+08  5.97893536e+00  1.08997498e+01 
 5.90969900e+08  5.96106898e+00  1.09668484e+01 
 5.91973244e+08  5.94327897e+00  1.10339039e+01 
 5.92976589e+08  5.92556493e+00  1.11009164e+01 
 5.93979933e+08  5.90792643e+00  1.11678861e+01 
 5.94983278e+08  5.89036307e+00  1.12348129e+01 
 5.95986622e+08  5.87287445e+00  1.13016970e+01 
 5.96989967e+08  5.85546017e+00  1.13685384e+01 
 5.97993311e+08  5.83811982e+00  1.14353371e+01 
 5.98996656e+08  5.82085301e+00  1.15020933e+01 
 6.00000000e+08  5.80365934e+00  1.15688070e+01 
